002381
003497
004572
005576
006529
007467
008426
009421
010414
011430
012451
013465
014467
015427
016391
017347
018280
019191
020150
021100
022080
023064
024014
024973
025951
026941
027953
028944
029894
030879
031853
032836
033810
034758
035687
036593
037539
038472
039420
040383
041366
042350
043343
044288
045256
046208
047136
048112
049077
050064
051054
052009
052988
053962
054914
055887
056815
057755
058673
059577
060466
061395
062307
063233
064168
065105
066042
066974
067882
068803
069691
070588
071475
072354
073276
074193
075129
076065
076998
077933
078861
079775
080673
081598
082487
083385
084276
085195
086109
087028
087953
088877
089793
090726
091630
092546
093469
094393
095321
096227
097138
098056
098948
099861
100787
101723
102654
103604
104568
105543
106483
107429
108390
109354
110327
111292
112251
113203
114126
115044
115943
116880
117804
118738
119671
120597
121555
122532
123532
124540
125544
126536
127506
128499
129490
130478
131421
132343
133312
134224
135141
136054
136952
137852
138803
139771
140773
141803
142844
143872
144900
145897
146850
147776
148739
149684
150639
151598
152552
153494
154445
155389
156338
157285
158210
159136
160086
161032
161994
162941
163874
164779
165671
166597
167479
168360
169277
170186
171111
172058
173007
173959
174890
175827
176770
177713
178660
179594
180527
181454
182356
183281
184171
185074
185980
186905
187860
188832
189821
190801
191769
192714
193685
194657
195636
196594
197555
198480
199422
200369
201291
202228
203165
204106
205061
205994
206922
207864
208818
209769
210709
211663
212623
213577
214526
215475
216417
217349
218277
219200
220103
220999
221888
222801
223735
224713
225716
226715
227704
228698
229704
230713
231707
232656
233640
234600
235559
236507
237447
238378
239298
240215
241129
242043
242974
243904
244825
245785
246800
247877
248968
250010
251018
252044
253006
253949
254935
255914
256910
257890
258876
259860
260849
261797
262722
263668
264621
265558
266506
267462
268422
269385
270345
271299
272209
273109
274044
274963
275858
276744
277623
278534
279430
280333
281242
282157
283077
284001
284887
285793
286698
287605
288519
289426
290351
291263
292188
293094
294007
294911
295822
296723
297626
298519
299415
300315
301217
302090
302982
303869
304761
305664
306565
307464
308334
309223
310112
311015
311937
312855
313765
314692
315602
316488
317362
318236
319131
320027
320893
321755
322613
323506
324392
325292
326194
327098
328000
328897
329793
330689
331573
332462
333351
334239
335141
336047
336958
337844
338741
339649
340574
341520
342485
343445
344401
345347
346281
347212
348140
349083
350024
350967
351880
352786
353694
354601
355519
356431
357357
358305
359268
360239
361182
362128
363077
364009
364963
365899
366838
367787
368746
369712
370659
371606
372559
373503
374425
375348
376267
377191
378128
379073
380026
380951
381877
382808
383745
384695
385659
386630
387587
388494
389393
390309
391233
392175
393134
394097
395060
396017
396933
397861
398794
399730
400667
401607
402541
403448
404358
405277
406197
407130
408067
408999
409943
410885
411827
412753
413673
414592
415513
416436
417355
418281
419188
420104
420992
421891
422804
423739
424667
425602
426553
427511
428474
429441
430403
431350
432290
433202
434120
435030
435933
436848
437769
438703
439631
440550
441519
442518
443549
444565
445546
446564
447577
448590
449561
450545
451520
452462
453412
454366
455326
456296
457265
458223
459174
460118
461057
461967
462892
463814
464761
465731
466683
467646
468628
469649
470690
471735
472771
473787
474750
475691
476673
477642
478632
479613
480593
481562
482502
483421
484331
485260
486181
487113
488065
489044
490032
491030
492033
493041
494033
495016
495980
496920
497875
498830
499791
500744
501683
502622
503552
504447
505362
506274
507206
508170
509158
510139
511098
512047
513012
513996
514977
515966
516940
517872
518815
519762
520700
521636
522573
523512
524451
525396
526319
527262
528179
529113
530064
531041
532040
533043
534039
535018
535969
536924
537886
538844
539809
540735
541680
542605
543558
544526
545505
546489
547468
548440
549418
550371
551327
552271
553215
554130
555052
555961
556877
557778
558652
559558
560450
561357
562286
563228
564192
565161
566131
567097
568051
568967
569899
570809
571726
572637
573529
574430
575358
576325
577322
578311
579290
580262
581220
582150
583089
584028
584975
585913
586851
587779
588703
589630
590590
591552
592520
593541
594562
595578
596603
597623
598616
599617
600612
601606
602559
603530
604500
605473
606428
607357
608271
609207
610137
611079
612061
613081
614125
615172
616210
617241
618257
619232
620218
621194
622164
623128
624049
624991
625934
626882
627835
628794
629753
630702
631642
632596
633542
634471
635398
636339
637266
638185
639121
640063
641008
641950
642890
643820
644753
645665
646575
647489
648401
649316
650241
651174
652110
653056
654013
654964
655931
656906
657874
658837
659770
660720
661666
662606
663530
664445
665374
666308
667248
668176
669095
670018
670925
671820
672706
673591
674506
675434
676400
677394
678406
679407
680395
681370
682335
683290
684235
685150
686062
686974
687879
688790
689720
690674
691660
692642
693631
694653
695674
696634
697577
698546
699530
700539
701565
702595
703613
704596
705559
706517
707498
708457
709443
710439
711429
712410
713409
714397
715385
716356
717326
718294
719254
720214
721174
722111
723091
724097
725104
726087
727104
728128
729177
730195
731192
732196
733204
734210
735217
736208
737204
738177
739135
740097
741048
741991
742905
743837
744770
745725
746716
747760
748828
749886
750922
751955
753002
754048
755090
756115
757082
758062
759043
760028
760974
761938
762880
763847
764840
765863
766903
767945
768971
769986
770986
771969
772955
773921
774845
775803
776723
777662
778611
779572
780512
781480
782466
783469
784485
785506
786511
787507
788491
789479
790462
791440
792406
793368
794313
795249
796171
797091
798011
798929
799842
800779
801754
802790
803876
804959
806018
807061
808074
809051
810069
811042
812048
813049
814054
815043
816001
816942
817898
818854
819824
820805
821806
822825
823840
824842
825817
826827
827839
828835
829800
830775
831752
832738
833726
834702
835676
836655
837578
838488
839416
840335
841272
842246
843264
844303
845351
846388
847427
848454
849462
850462
851419
852373
853314
854253
855201
856149
857094
858023
858955
859876
860761
861667
862570
863482
864418
865386
866367
867348
868342
869330
870324
871289
872265
873208
874168
875135
876100
877066
878025
878975
879897
880807
881725
882644
883577
884513
885434
886377
887333
888319
889316
890315
891300
892277
893238
894170
895109
896043
896976
897914
898838
899753
900666
901583
902511
903446
904385
905344
906309
907291
908264
909254
910229
911203
912139
913082
914027
914971
915915
916850
917776
918702
919612
920516
921395
922302
923202
924147
925171
926300
927476
928609
929720
930800
931835
932809
933793
934785
935773
936777
937720
938672
939619
940566
941477
942411
943340
944277
945209
946148
947085
948033
948970
949914
950848
951752
952663
953583
954512
955455
956357
957272
958187
959112
960022
960945
961875
962806
963735
964673
965606
966540
967474
968402
969323
970234
971137
972052
972980
973917
974869
975831
976791
977746
978713
979679
980630
981587
982529
983458
984391
985345
986296
987221
988154
989101
990066
991046
992028
993002
993969
994928
995884
996834
997781
998718
999627
1000554
1001496
1002449
1003424
1004382
1005325
1006301
1007282
1008261
1009197
1010139
1011084
1012030
1012993
1013959
1014920
1015836
1016776
1017703
1018639
1019593
1020563
1021539
1022528
1023521
1024513
1025513
1026505
1027449
1028411
1029369
1030283
1031186
1032105
1033023
1033949
1034896
1035854
1036810
1037759
1038708
1039653
1040593
1041530
1042466
1043388
1044296
1045202
1046082
1046956
1047840
1048756
1049716
1050707
1051687
1052644
1053579
1054529
1055475
1056401
1057296
1058208
1059120
1060035
1060953
1061874
1062772
1063675
1064580
1065491
1066413
1067337
1068262
1069200
1070124
1071061
1072005
1072953
1073905
1074836
1075742
1076665
1077554
1078461
1079347
1080243
1081142
1082046
1082953
1083847
1084751
1085657
1086571
1087476
1088394
1089313
1090234
1091144
1092057
1092964
1093836
1094728
1095625
1096524
1097434
1098331
1099223
1100103
1100998
1101895
1102799
1103719
1104649
1105591
1106546
1107513
1108461
1109410
1110382
1111350
1112298
1113230
1114180
1115129
1116078
1116993
1117923
1118862
1119794
1120696
1121608
1122527
1123452
1124390
1125331
1126274
1127203
1128134
1129060
1129962
1130857
1131754
1132652
1133542
1134460
1135385
1136320
1137252
1138185
1139112
1140032
1140933
1141843
1142752
1143662
1144578
1145503
1146425
1147344
1148306
1149275
1150247
1151278
1152330
1153409
1154474
1155496
1156511
1157523
1158476
1159435
1160402
1161378
1162363
1163347
1164329
1165269
1166235
1167188
1168153
1169117
1170086
1171054
1172040
1173055
1174100
1175157
1176211
1177245
1178265
1179275
